 200 0.0530375 1.44526
 200 0.0530375 1.44374
 200 0.0530375 1.44124
 200 0.0530375 1.43776
 200 0.0530375 1.43329
 200 0.0530375 1.42785
 200 0.0530375 1.42142
 200 0.0530375 1.41402
 200 0.0530375 1.40563
 200 0.0530375 1.39626
 200 0.0530375 1.38591
 200 0.0530375 1.37458
 200 0.0530375 1.36227
 200 0.0530375 1.34898
 200 0.0530375 1.3347
 200 0.0530375 1.31945
 200 0.0530375 1.30321
 200 0.0530375 1.286
 200 0.0530375 1.2678
 200 0.0530375 1.24862
 200 0.0530375 1.22846
 200 0.0530375 1.20732
 200 0.0530375 1.1852
 200 0.0530375 1.1621
 200 0.0530375 1.13801
 200 0.0530375 1.11295
 200 0.0530375 1.0869
 200 0.0530375 1.05988
 200 0.0530375 1.03187
 200 0.0530375 1.00288
 200 0.0530375 0.972911
 200 0.0530383 0.941961
 200 0.0536042 0.910838
 200 0.0571468 0.883192
 200 0.0642791 0.861567
 200.001 0.0730435 0.848561
 200.001 0.0824181 0.84413
 200.001 0.0920541 0.844448
 200.002 0.101956 0.847192
 200.002 0.112159 0.850557
 200.002 0.122697 0.854071
 200.003 0.133584 0.857472
 200.003 0.144812 0.860589
 200.003 0.156336 0.863316
 200.003 0.168106 0.86561
 200.004 0.180097 0.867484
 200.004 0.192305 0.868989
 200.004 0.204749 0.870197
 200.004 0.21746 0.871188
 200.004 0.230479 0.872036
 200.005 0.243843 0.872798
 200.005 0.257583 0.873516
 200.005 0.271712 0.874211
 200.005 0.286234 0.874884
 200.005 0.30114 0.87553
 200.005 0.31642 0.876136
 200.005 0.332062 0.876692
 200.005 0.34806 0.877192
 200.006 0.364409 0.877634
 200.006 0.381111 0.878021
 200.006 0.398169 0.878359
 200.006 0.415587 0.878656
 200.006 0.433371 0.878919
 200.006 0.451524 0.879156
 200.006 0.470049 0.879372
 200.006 0.488947 0.87957
 200.006 0.508217 0.879752
 200.006 0.527861 0.879919
 200.007 0.547876 0.880071
 200.007 0.568263 0.88021
 200.007 0.58902 0.880335
 200.007 0.610149 0.880449
 200.007 0.63165 0.880551
 200.007 0.653523 0.880642
 200.007 0.675769 0.880725
 200.007 0.698389 0.880801
 200.007 0.721384 0.880869
 200.007 0.744753 0.880931
 200.007 0.768497 0.880988
 200.007 0.792615 0.88104
 200.007 0.817108 0.881087
 200.007 0.841974 0.88113
 200.007 0.867204 0.881169
 200.007 0.892792 0.88121
 200.007 0.918738 0.881372
 200.007 0.945064 0.881627
 200.007 0.971803 0.882025
 200.008 0.998915 0.882422
 200.008 1.02635 0.882819
 200.008 1.0541 0.883131
 200.008 1.08216 0.883243
 200.008 1.11057 0.883241
 200.008 1.13935 0.883145
 200.008 1.16852 0.883056
 200.008 1.19811 0.883069
 200.008 1.22814 0.883197
 200.008 1.25862 0.883547
 200.008 1.28935 0.883944
 200.008 1.3203 0.884158
 200.008 1.35146 0.88415
 200.008 1.38289 0.884048
 200.008 1.41467 0.883913
 200.008 1.44684 0.883701
 200.008 1.47943 0.883509
 200.008 1.51245 0.883443
 200.008 1.54589 0.883426
 200.008 1.57974 0.883647
 200.008 1.61392 0.883849
 200.008 1.64844 0.884006
 200.008 1.68316 0.884158
 200.008 1.71808 0.884091
 200.008 1.75328 0.883945
 200.008 1.78881 0.883746
 200.008 1.82474 0.883581
 200.008 1.86108 0.883475
 200.008 1.89784 0.88346
 200.008 1.935 0.883392
 200.008 1.97257 0.883405
 200.008 2.01052 0.883428
 200.008 2.04885 0.883423
 200.008 2.08756 0.88341
 200.008 2.12668 0.883493
 200.008 2.16622 0.883729
 200.008 2.20607 0.883929
 200.008 2.24624 0.883995
 200.008 2.28664 0.884005
 200.007 2.32726 0.883898
 200.007 2.36817 0.883765
 200.007 2.40943 0.883616
 200.007 2.4511 0.883454
 200.007 2.49319 0.88337
 200.007 2.5357 0.88335
 200.007 2.57863 0.883304
 200.007 2.62201 0.883521
 200.007 2.66573 0.883818
 200.007 2.70976 0.884013
 200.007 2.75406 0.884039
 200.007 2.79856 0.883968
 200.007 2.8433 0.883814
 200.007 2.88837 0.883653
 200.007 2.93383 0.883501
 200.007 2.97969 0.883362
 200.007 3.02599 0.883294
 200.007 3.07269 0.883292
 200.007 3.11981 0.883316
 200.007 3.16737 0.883535
 200.007 3.21527 0.88382
 200.007 3.26349 0.883949
 200.006 3.31198 0.884016
 200.006 3.36067 0.883955
 200.006 3.40961 0.883794
 200.006 3.45887 0.883632
 200.006 3.50852 0.883478
 200.006 3.55858 0.883378
 200.006 3.60906 0.883314
 200.006 3.65996 0.883305
 200.006 3.71133 0.883447
 200.006 3.76304 0.883656
 200.006 3.81507 0.883849
 200.006 3.86739 0.883963
 200.006 3.91992 0.883954
 200.006 3.97269 0.8838
 200.006 4.02577 0.883595
 200.006 4.07923 0.883454
 200.006 4.1331 0.883391
 200.006 4.18738 0.8833
 200.005 4.2421 0.883279
 200.005 4.29727 0.88346
 200.005 4.35277 0.883717
 200.005 4.40858 0.883855
 200.005 4.46467 0.883923
 200.005 4.52095 0.883824
 200.005 4.57749 0.88364
 200.005 4.63437 0.883464
 200.005 4.69163 0.883342
 200.005 4.7493 0.883244
 200.005 4.80741 0.883205
 200.005 4.866 0.883398
 200.005 4.92493 0.883683
 200.005 4.98418 0.883845
 200.004 5.04371 0.883904
 200.004 5.10344 0.883884
 200.004 5.1634 0.883745
 200.004 5.22368 0.883568
 200.004 5.28434 0.883383
 200.004 5.3454 0.88326
 200.004 5.40688 0.8832
 200.004 5.46883 0.883255
 200.004 5.53117 0.883496
 200.004 5.59384 0.883708
 200.004 5.65683 0.883828
 200.004 5.72008 0.883848
 200.004 5.78352 0.883758
 200.003 5.84724 0.883586
 200.003 5.91131 0.883394
 200.003 5.97576 0.883234
 200.003 6.04064 0.883169
 200.003 6.10599 0.883234
 200.003 6.17171 0.88348
 200.003 6.23777 0.883696
 200.003 6.30414 0.883818
 200.003 6.37075 0.883851
 200.003 6.43756 0.883726
 200.003 6.50467 0.88355
 200.003 6.57213 0.883364
 200.003 6.63999 0.88324
 200.003 6.70827 0.883174
 200.003 6.77704 0.883325
 200.003 6.84615 0.88359
 200.002 6.91559 0.883763
 200.002 6.98532 0.883837
 200.002 7.05529 0.883817
 200.002 7.12549 0.88367
 200.002 7.19599 0.883458
 200.002 7.26685 0.883256
 200.002 7.33812 0.883112
 200.002 7.40987 0.883167
 200.002 7.48199 0.883419
 200.002 7.55445 0.883611
 200.002 7.62723 0.88374
 200.002 7.70027 0.883787
 200.001 7.77353 0.883718
 200.001 7.84705 0.883527
 200.001 7.92092 0.883325
 200.001 7.99517 0.883145
 200.001 8.06987 0.883099
 200.001 8.145 0.883285
 200.001 8.22047 0.883503
 200.001 8.29626 0.883669
 200.001 8.37234 0.883746
 200.001 8.44868 0.883716
 200.001 8.52527 0.883557
 200.001 8.60216 0.883361
 200.001 8.67941 0.883198
 200.001 8.75709 0.88313
 200.001 8.83523 0.883316
 200.001 8.9137 0.883539
 200.001 8.99252 0.883674
 200 9.07163 0.883743
 200 9.15101 0.883717
 200 9.23071 0.883648
 200 9.31079 0.883607
 200 9.39126 0.883562
 200 9.47213 0.883544
 200 9.55345 0.883658
 200 9.63512 0.883772
 200 9.71713 0.883833
 200 9.79947 0.88386
 200 9.88216 0.883833
 200 9.96518 0.883818
 200 10.0486 0.883776
 200 10.1323 0.883736
 200 10.2163 0.883722
 200 10.3007 0.883723
 200 10.3854 0.883708
 200 10.4705 0.883697
 200 10.5559 0.883706
 200 10.6416 0.883716
 200 10.7277 0.883711
 200 10.8141 0.883694
 200 10.9008 0.883702
 199.999 10.9879 0.88369
 199.999 11.0754 0.883695
 199.999 11.1631 0.883679
 199.999 11.2512 0.883645
 199.999 11.3396 0.883621
 199.999 11.4284 0.883603
 199.999 11.5175 0.883603
 199.999 11.6069 0.883603
 199.999 11.6967 0.883585
